0      1.281e+00
1     -6.126e-01
2      9.332e-01
3      2.269e+00
4     -1.428e+00
5      6.405e-01
6     -1.596e+00
7      3.356e-01
8     -1.661e+00
9     -8.923e-01
10    -3.854e-01
11     1.175e+00
12     1.080e+00
13    -1.204e+00
14    -5.617e-02
15    -3.766e-01
16     1.570e+00
17    -9.428e-01
18     1.511e-01
19     9.207e-01
20     3.987e-01
21     5.093e-01
22    -3.327e-01
23    -2.239e+00
24    -4.535e-01
25     1.029e+00
26    -1.878e+00
27     2.102e-01
28    -4.757e-01
29    -1.219e+00
30     9.309e-01
31    -6.029e-01
32    -1.201e+00
33    -9.646e-02
34     1.213e+00
35    -6.424e-01
36    -1.378e+00
37     2.302e+00
38     3.650e-01
39     4.572e-01
40    -1.377e+00
41    -1.438e+00
42     6.397e-02
43     4.428e-01
44    -1.997e+00
45    -1.404e+00
46     8.693e-02
47     5.571e-01
48     7.522e-01
49    -4.546e-01
50    -1.068e+00
51    -1.132e-01
52     3.164e-02
53    -5.914e-01
54    -7.743e-01
55     6.948e-01
56     8.287e-01
57    -9.248e-01
58     1.262e+00
59    -2.363e+00
60     1.453e-01
61     4.962e-02
62    -1.628e+00
63    -6.800e-01
64    -5.884e-01
65     7.261e-01
66     8.092e-01
67    -6.694e-01
68     9.389e-01
69    -1.560e+00
70     8.317e-01
71    -1.161e+00
72    -5.899e-01
73    -9.935e-02
74     2.656e-01
75    -1.839e-01
76     9.565e-01
77     1.031e+00
78    -6.585e-01
79    -1.374e+00
80    -6.317e-02
81     2.689e-02
82    -8.497e-01
83    -1.730e+00
84    -1.386e-01
85     1.006e+00
86     7.384e-01
87    -6.375e-02
88    -4.363e-01
89     4.130e-01
90     2.353e-01
91    -1.440e+00
92    -3.702e-02
93     3.163e-01
94     4.334e-01
95    -1.794e-01
96    -2.227e-01
97    -9.145e-01
98     2.377e-01
99     2.839e-01
100   -8.192e-01
101   -1.991e+00
102   -4.006e-02
103   -1.203e-01
104    1.551e-01
105   -4.352e-01
106   -4.873e-02
107    1.013e+00
108   -7.907e-01
109    7.428e-01
110    1.100e+00
111    1.581e-01
112   -1.250e+00
113    5.361e-01
114    1.234e+00
115    1.728e+00
116    2.559e-01
117   -4.115e-01
118   -1.050e+00
119   -6.236e-01
120   -2.210e-01
121   -4.615e-01
122   -4.962e-01
123   -1.096e+00
124    1.509e+00
125   -1.629e+00
126    2.868e-01
127   -7.419e-01
128   -5.500e-01
129    6.327e-01
130   -2.963e-02
131   -1.211e-02
132   -1.044e+00
133   -5.562e-01
134   -1.094e+00
135    8.860e-01
136   -1.509e+00
137    1.137e+00
138   -1.550e+00
139    6.955e-01
140    9.547e-01
141    1.377e+00
142    1.933e-01
143    1.892e+00
144    1.358e+00
145    1.197e+00
146   -1.128e+00
147    2.031e+00
148   -1.735e+00
149    2.682e-02
150   -9.311e-01
151    7.791e-01
152    4.348e-01
153    8.543e-01
154   -3.622e-01
155   -9.941e-01
156    1.123e+00
157   -1.369e+00
158    9.262e-02
159    1.667e-01
160    4.959e-01
161    5.772e-02
162   -6.054e-01
163    1.633e+00
164    2.882e-01
165    5.595e-01
166    4.916e-01
167    3.711e-02
168   -1.780e-02
169   -1.657e+00
170    3.973e-01
171   -9.939e-01
172    1.867e+00
173    7.303e-02
174    1.398e+00
175    2.736e-01
176    6.690e-01
177    1.104e+00
178    1.393e+00
179    1.588e+00
180    5.418e-01
181    5.544e-01
182    9.751e-01
183   -1.916e+00
184   -3.627e-01
185    2.063e+00
186   -1.072e+00
187    1.336e+00
188    5.475e-01
189   -6.175e-01
190   -9.951e-01
191    1.075e+00
192    3.618e-01
193    9.196e-01
194   -4.005e-01
195   -6.069e-01
196    4.811e-02
197    1.638e+00
198    3.390e-01
199    2.187e-01
200   -1.614e+00
201    1.858e-01
202    2.269e-01
203    1.558e+00
204    1.551e-01
205   -3.004e-01
206    3.264e-01
207   -1.371e+00
208   -7.322e-01
209   -2.972e-02
210    1.725e+00
211    4.286e-01
212    2.782e-01
213    2.180e-01
214    6.063e-01
215    1.458e+00
216   -4.262e-01
217   -6.131e-01
218   -5.239e-01
219   -1.671e+00
220   -1.264e+00
221    4.132e-01
222   -1.053e+00
223    1.284e+00
224   -1.574e+00
225   -4.084e-01
226    1.225e+00
227    3.415e-01
228    1.964e-01
229    1.808e-01
230    3.623e-01
231    1.689e+00
232   -9.965e-01
233   -8.218e-01
234   -7.848e-01
235   -3.229e-01
236   -7.393e-01
237   -1.500e-01
238    8.108e-01
239    2.084e+00
240    8.835e-01
241    2.846e+00
242   -1.412e-01
243   -8.049e-01
244   -2.321e+00
245    1.413e+00
246    7.467e-01
247    1.151e+00
248   -5.060e-01
249   -3.355e-01
250   -7.174e-01
251    4.666e-01
252   -9.298e-01
253    8.457e-01
254    1.605e+00
255   -4.353e-01
256   -1.973e+00
257    1.188e+00
258   -2.323e-02
259   -2.416e-01
260    1.906e+00
261    4.976e-01
262    5.293e-01
263   -8.387e-01
264   -5.384e-01
265   -7.710e-01
266   -4.110e-01
267   -5.376e-01
268   -1.523e+00
269    1.431e-01
270    7.624e-01
271    7.335e-01
272    6.587e-01
273    2.363e+00
274    3.192e-01
275    4.647e-02
276   -2.755e-01
277   -1.281e+00
278   -1.078e+00
279   -9.644e-01
280    1.546e-01
281    1.437e+00
282   -1.380e+00
283    1.073e+00
284   -5.897e-02
285   -1.440e-01
286   -1.249e+00
287   -1.006e+00
288    2.789e-01
289   -1.838e+00
290    4.711e-01
291   -9.136e-01
292    9.229e-01
293   -5.270e-01
294   -2.757e-01
295   -2.487e+00
296    1.325e-01
297   -1.029e-01
298    3.029e-01
299   -1.174e+00
300   -1.288e+00
301   -3.418e-01
302   -1.078e+00
303   -2.152e+00
304   -3.928e-01
305    8.400e-02
306   -8.271e-01
307   -6.129e-01
308    6.952e-01
309    5.022e-01
310    1.800e-01
311   -6.193e-01
312    5.872e-03
313    5.943e-01
314    5.898e-01
315    5.922e-01
316    2.135e+00
317    1.335e+00
318   -1.487e+00
319    8.560e-02
320   -1.693e+00
321    1.012e+00
322   -1.402e-01
323    4.818e-01
324    6.719e-01
325   -1.128e+00
326   -2.991e-01
327   -7.976e-01
328   -3.976e-01
329    2.142e+00
330    1.407e+00
331    5.273e-01
332    1.379e-01
333    5.326e-01
334   -1.223e+00
335   -1.030e-01
336   -1.282e+00
337    1.033e-01
338    1.928e+00
339   -7.740e-01
340   -7.438e-01
341   -1.827e-01
342    7.846e-01
343   -1.098e-01
344   -3.864e-01
345    1.508e+00
346    4.829e-03
347    1.732e+00
348   -1.230e+00
349   -5.725e-01
350   -2.496e-01
351   -1.487e+00
352    4.175e-01
353   -1.692e+00
354   -2.394e-01
355    9.655e-01
356    5.473e-01
357    2.719e-01
358    6.604e-01
359   -2.590e-01
360   -7.604e-01
361   -1.008e+00
362    7.870e-01
363   -2.150e-01
364   -1.707e-01
365    1.024e+00
366    3.776e-01
367    2.611e+00
368    5.247e-01
369    4.837e-01
370    2.674e-01
371    1.698e-02
372    4.562e-01
373   -6.607e-01
374    9.949e-01
375   -1.227e+00
376   -1.638e+00
377    2.042e+00
378    3.349e-01
379    4.530e-01
380   -1.515e+00
381    1.091e+00
382    2.491e+00
383    2.107e+00
384    1.935e+00
385   -2.196e+00
386   -4.139e-01
387    2.501e-01
388    1.593e+00
389   -1.239e+00
390   -2.644e-01
391    1.600e+00
392    4.369e-01
393    6.622e-01
394    1.157e+00
395    1.499e+00
396    1.326e+00
397   -1.793e-01
398   -1.196e+00
399    5.332e-01
400   -3.310e-01
401    9.350e-01
402    1.570e+00
403   -5.976e-01
404    6.310e-01
405   -8.273e-01
406    1.744e+00
407   -1.059e+00
408    4.938e-01
409    1.066e+00
410   -1.148e+00
411    3.316e-01
412   -3.646e-01
413    1.396e+00
414    1.419e+00
415    7.116e-01
416    1.496e-01
417   -8.388e-01
418   -1.212e+00
419    1.231e-01
420    1.975e-02
421    1.048e+00
422    2.927e-01
423    5.787e-01
424    7.047e-01
425   -2.709e+00
426    5.011e-02
427   -2.970e-01
428    3.999e-01
429    1.722e+00
430   -5.868e-01
431   -2.697e-02
432   -1.462e+00
433    1.385e-01
434   -1.124e+00
435    1.714e-02
436    9.308e-02
437    1.123e+00
438   -2.014e-01
439   -7.258e-01
440    2.463e-01
441    1.130e+00
442    5.855e-02
443   -1.798e+00
444    2.210e+00
445    2.249e-05
446   -5.985e-01
447   -4.567e-01
448    1.160e+00
449   -1.045e+00
450   -4.435e-01
451   -1.826e+00
452    2.585e-01
453   -4.084e-01
454    6.934e-01
455   -1.707e-01
456    5.684e-01
457    6.666e-01
458    7.259e-01
459   -7.819e-01
460   -5.743e-01
461   -1.006e+00
462    2.768e-01
463   -2.657e-02
464    1.486e+00
465    1.181e+00
466   -3.201e-01
467    2.980e-01
468   -3.233e-01
469    5.459e-01
470    2.927e+00
471    8.038e-01
472   -7.500e-01
473    1.020e+00
474   -1.932e-01
475    5.014e-01
476   -3.154e-01
477   -6.909e-01
478   -1.624e-01
479    6.619e-01
480    1.542e+00
481    2.468e-01
482   -6.082e-01
483    2.230e-01
484   -1.969e-01
485   -2.028e+00
486   -2.020e-01
487    1.577e-01
488   -9.039e-02
489   -1.284e+00
490    2.712e-01
491   -7.125e-01
492    1.736e-02
493    1.187e+00
494    1.707e+00
495    6.655e-01
496    8.527e-01
497    5.510e-01
498   -1.246e+00
499   -7.069e-01
500    8.568e-01
501   -9.234e-01
502   -8.807e-01
503   -5.610e-02
504    5.019e-01
505   -4.158e-01
506    7.577e-01
507   -2.834e-01
508   -2.292e+00
509   -9.945e-02
510    3.980e-01
511    9.454e-02
512    1.433e-01
513   -8.735e-01
514    7.585e-01
515   -7.908e-01
516   -4.321e-01
517    3.703e-01
518   -1.062e+00
519   -4.829e-01
520    6.937e-01
521    5.859e-01
522    1.451e+00
523    7.501e-01
524    5.420e-01
525    1.040e+00
526   -1.949e-01
527   -2.386e+00
528   -4.708e-01
529    2.065e+00
530   -1.386e+00
531   -2.199e-01
532   -2.263e-01
533   -2.589e-01
534   -1.265e+00
535   -1.083e+00
536   -1.401e+00
537   -7.929e-02
538   -2.640e-01
539    3.244e-02
540   -1.958e-01
541   -2.697e-01
542    2.357e+00
543   -6.626e-01
544   -9.823e-01
545   -2.393e-01
546   -3.403e-01
547   -5.785e-02
548   -3.030e-01
549   -6.066e-01
550    9.809e-01
551   -6.706e-01
552   -1.747e-01
553   -5.779e-01
554   -1.453e+00
555   -6.818e-01
556   -8.756e-01
557    1.083e+00
558    1.834e+00
559    1.703e+00
560   -1.506e+00
561    1.789e-01
562   -8.352e-01
563    2.710e-01
564    3.197e-01
565    7.953e-02
566   -8.475e-01
567    2.493e-01
568    2.939e-01
569    8.626e-01
570   -1.127e-01
571    2.801e+00
572   -1.118e-01
573    3.970e-01
574   -1.522e+00
575   -1.016e+00
576   -2.833e-01
577    1.297e+00
578   -9.502e-01
579    2.289e-01
580   -5.597e-01
581    2.009e-02
582    1.098e+00
583   -1.371e+00
584    1.567e+00
585   -7.502e-01
586    6.444e-01
587    5.117e-01
588    1.745e-02
589    1.296e+00
590   -1.247e+00
591   -8.573e-01
592    8.040e-01
593    9.543e-01
594   -1.546e+00
595    9.611e-01
596   -1.959e+00
597   -4.483e-01
598   -3.777e-01
599    5.355e-01
600   -1.043e+00
601   -1.078e+00
602    3.360e-01
603   -5.437e-01
604   -5.306e-01
605    8.079e-01
606   -8.419e-01
607   -1.424e+00
608    1.010e+00
609   -1.960e+00
610    1.023e+00
611   -3.423e-01
612   -6.327e-01
613    5.736e-01
614    1.451e+00
615    6.071e-01
616    8.195e-01
617   -8.639e-01
618    9.697e-01
619   -3.871e-01
620   -1.424e+00
621   -2.403e-01
622   -4.860e-01
623    7.422e-01
624    8.955e-01
625   -1.193e+00
626   -5.251e-01
627    2.104e-01
628   -1.044e+00
629   -3.553e-01
630   -5.745e-01
631    7.271e-01
632   -6.925e-01
633    8.243e-02
634    5.677e-01
635    4.927e-01
636    1.216e-01
637   -3.325e-01
638   -1.041e+00
639   -1.510e-01
640    8.483e-01
641    7.282e-01
642    1.623e+00
643    1.065e+00
644   -4.631e-01
645   -5.615e-01
646    8.141e-02
647   -6.034e-01
648   -1.249e+00
649   -1.023e+00
650    1.667e+00
651    5.161e-01
652    7.303e-01
653   -1.204e+00
654    4.210e-01
655   -5.999e-01
656    4.730e-01
657   -1.924e+00
658   -1.163e+00
659   -3.486e-01
660    6.362e-01
661   -2.900e-01
662    5.156e-01
663   -2.030e+00
664   -1.409e+00
665   -7.164e-01
666    5.385e-01
667    1.633e+00
668   -7.059e-01
669   -1.293e+00
670    2.248e-01
671   -7.183e-01
672   -1.665e-03
673   -8.232e-01
674    6.512e-01
675   -2.343e-01
676    9.596e-01
677    2.803e-01
678   -3.072e-01
679   -1.507e-01
680    2.654e-01
681    6.575e-01
682   -2.357e+00
683   -4.189e-01
684    3.353e-01
685   -6.961e-01
686    2.385e-01
687   -9.149e-01
688   -6.939e-01
689   -6.512e-01
690   -4.404e-01
691    4.538e-01
692   -9.023e-01
693   -4.392e-01
694   -4.853e-01
695    1.401e+00
696   -3.042e-01
697    8.023e-01
698    1.442e-01
699   -6.163e-01
700   -9.004e-01
701   -6.427e-01
702   -6.385e-01
703   -2.775e-01
704   -8.899e-01
705   -4.846e-01
706   -7.463e-01
707   -6.661e-01
708   -1.062e+00
709   -4.596e-01
710   -4.964e-01
711   -1.152e+00
712   -7.147e-01
713   -9.796e-01
714   -2.002e+00
715   -7.921e-01
716    2.892e-01
717   -1.446e-01
718    6.301e-01
719    9.114e-02
720    1.618e+00
721    6.976e-01
722    4.085e-01
723    3.920e-02
724    1.289e+00
725   -9.014e-01
726   -7.219e-01
727   -2.336e+00
728   -1.512e-01
729    1.592e+00
730    1.095e-01
731   -5.218e-01
732    1.477e-02
733    5.219e-01
734   -1.665e+00
735   -9.810e-01
736   -4.986e-01
737   -3.778e-01
738   -1.951e+00
739   -7.597e-01
740    5.756e-01
741   -1.264e-01
742   -2.882e-01
743   -2.113e-01
744    8.763e-01
745   -1.613e-01
746   -5.956e-01
747    8.224e-01
748    1.394e+00
749   -8.180e-02
750   -1.151e+00
751    4.589e-01
752    1.462e+00
753    1.497e+00
754    4.331e-01
755    8.147e-02
756   -2.376e-01
757    1.443e-01
758    1.430e+00
759   -1.191e-01
760    2.499e-01
761   -1.540e+00
762    4.711e-01
763   -7.529e-01
764    1.497e+00
765   -7.371e-01
766   -3.660e-01
767    1.079e+00
768    1.110e+00
769    5.606e-01
770    1.525e+00
771   -9.084e-01
772    1.475e+00
773    1.068e+00
774    2.615e-01
775   -7.616e-01
776    1.675e-01
777    2.983e-01
778   -3.868e-01
779   -3.281e-01
780   -2.092e-01
781   -6.972e-01
782    8.201e-01
783    8.069e-01
784   -1.441e-01
785   -3.256e-02
786   -1.069e+00
787   -2.744e-01
788   -1.579e+00
789    3.112e-03
790    3.088e+00
791   -3.669e-01
792    2.900e-01
793    1.378e+00
794   -9.691e-01
795   -2.556e-01
796    8.684e-01
797   -5.193e-01
798   -1.342e+00
799    3.147e-01
800    7.728e-01
801    6.327e-01
802    6.283e-01
803   -2.943e-01
804   -1.104e+00
805    4.839e-01
806    1.091e+00
807   -1.140e-01
808    7.216e-01
809   -7.953e-01
810    1.290e+00
811    6.687e-01
812    1.632e+00
813    4.675e-01
814   -1.459e+00
815    3.930e-01
816   -1.078e+00
817    7.400e-01
818   -1.317e-01
819    3.453e+00
820    9.851e-01
821    1.170e+00
822   -1.374e-01
823   -7.141e-01
824   -1.927e+00
825    7.416e-01
826    9.767e-01
827   -5.386e-01
828    7.942e-01
829   -4.426e-01
830    3.611e-01
831    1.439e+00
832    2.643e+00
833   -5.174e-01
834   -4.475e-01
835    1.521e+00
836   -1.554e+00
837   -4.759e-02
838    8.050e-01
839    8.584e-01
840    1.791e-02
841    1.626e+00
842    3.904e-01
843   -2.825e-01
844   -1.282e+00
845    2.130e+00
846    1.525e-02
847    3.754e+00
848    8.933e-01
849    1.797e+00
850   -4.957e-01
851    6.706e-01
852    5.766e-02
853   -1.212e+00
854   -1.397e+00
855    1.364e-01
856    2.292e-01
857    9.483e-02
858    4.136e-01
859    9.469e-01
860    2.360e+00
861    7.088e-01
862    6.515e-01
863   -1.532e+00
864   -6.848e-01
865   -5.714e-01
866    1.357e-01
867    8.506e-02
868    1.048e+00
869   -3.501e-02
870   -1.487e+00
871    1.495e+00
872    5.678e-01
873   -1.234e+00
874    7.055e-01
875    1.204e-01
876   -2.921e-02
877    8.327e-01
878   -2.694e-01
879   -2.668e-01
880    4.562e-01
881   -3.403e-01
882   -6.571e-01
883   -5.229e-01
884    1.651e+00
885    1.702e+00
886    2.976e-01
887    9.837e-01
888   -3.307e-01
889    1.484e-01
890    4.159e-01
891   -1.737e+00
892   -9.483e-01
893    2.962e-01
894    1.131e+00
895   -7.521e-01
896    4.406e-01
897   -1.290e+00
898    3.870e-01
899   -1.274e+00
900    1.513e-01
901    2.469e-01
902   -1.483e+00
903   -7.408e-01
904   -3.009e-01
905   -9.351e-01
906   -1.024e+00
907    4.059e-01
908    8.134e-01
909    3.162e-01
910   -4.561e-01
911   -1.095e-01
912    1.822e+00
913   -1.193e-01
914   -1.833e-01
915    8.558e-01
916    1.448e-01
917    7.622e-01
918   -1.893e+00
919   -8.180e-01
920   -2.054e-01
921   -1.320e+00
922    1.730e+00
923   -9.626e-02
924    1.163e+00
925   -5.852e-01
926    7.039e-01
927    6.175e-01
928   -5.113e-01
929    1.317e+00
930   -1.070e+00
931   -5.026e-01
932    4.221e-02
933    1.417e+00
934   -6.032e-02
935    1.889e-01
936   -4.927e-02
937    8.609e-01
938   -5.286e-01
939   -7.363e-01
940    1.606e+00
941    1.175e+00
942    5.067e-01
943   -2.086e+00
944    3.397e-01
945   -6.565e-01
946   -3.331e-01
947   -1.470e-01
948   -4.279e-01
949   -7.232e-01
950   -1.298e-01
951    4.849e-01
952   -1.125e+00
953    5.718e-01
954   -4.230e-01
955   -5.504e-01
956   -7.078e-01
957   -1.472e+00
958    7.170e-01
959    2.628e+00
960   -1.199e-01
961    4.354e-01
962   -1.142e+00
963    1.339e+00
964    9.181e-01
965   -6.787e-01
966    4.793e-01
967    1.398e+00
968   -1.131e+00
969   -6.840e-01
970   -8.310e-01
971   -1.442e-01
972    9.182e-01
973    1.216e+00
974    7.748e-01
975    2.734e+00
976    5.404e-04
977   -1.611e+00
978   -1.064e+00
979    4.670e-02
980    2.391e-01
981   -9.077e-02
982    1.224e+00
983    8.581e-01
984   -1.437e-01
985    1.741e+00
986   -3.207e-01
987   -1.266e-01
988   -1.380e+00
989    1.036e+00
990   -5.603e-02
991    1.642e-01
992    7.864e-01
993    2.515e-01
994    4.682e-01
995    1.089e+00
996    7.437e-01
997   -1.612e+00
998    1.011e+00
999    1.572e+00