0     -0.835
1     -0.061
2     -0.195
3     -2.461
4      1.040
5     -0.683
6      1.311
7     -0.530
8      2.639
9      1.065
10     1.052
11    -0.649
12    -1.365
13     0.565
14    -0.329
15    -0.875
16    -1.883
17     0.865
18     0.157
19    -0.794
20    -1.171
21    -0.253
22     0.327
23     2.424
24     1.454
25    -1.494
26     1.521
27     0.268
28     1.261
29     1.697
30    -0.575
31     0.010
32     1.562
33    -0.008
34    -1.123
35     0.271
36     0.887
37    -1.837
38    -0.421
39    -1.175
40     1.069
41     1.799
42    -0.550
43    -0.985
44     2.071
45     0.838
46     0.440
47    -0.096
48    -1.362
49     0.285
50     0.184
51     1.275
52    -0.016
53    -0.241
54     0.056
55    -0.139
56    -0.605
57     1.049
58    -1.411
59     1.457
60    -0.392
61     0.285
62     1.508
63     0.904
64     0.336
65    -1.218
66    -0.665
67     0.814
68    -0.131
69     1.401
70    -0.773
71     1.310
72     0.495
73     0.790
74    -0.202
75     0.311
76    -1.796
77    -0.956
78     0.421
79     1.310
80    -0.024
81     0.288
82     0.448
83     1.240
84     0.016
85    -1.039
86    -0.706
87     0.722
88     0.163
89    -0.350
90     0.417
91     1.280
92    -1.107
93    -0.754
94    -0.258
95     0.166
96     0.166
97    -0.530
98    -0.287
99    -0.381
100    0.552
101    2.299
102   -0.052
103   -0.289
104   -0.030
105    0.694
106   -0.585
107   -0.292
108    0.956
109   -0.741
110   -1.347
111   -0.320
112    0.615
113   -1.151
114   -1.178
115   -1.391
116   -0.225
117    0.217
118    0.963
119    0.535
120    0.346
121    0.026
122    0.354
123    0.133
124   -1.347
125    2.002
126   -1.044
127    0.706
128    0.602
129    0.690
130   -0.042
131   -0.249
132    0.886
133    0.683
134    1.282
135   -1.479
136    1.237
137   -1.437
138    0.915
139   -0.994
140   -1.484
141   -1.583
142   -0.499
143   -1.332
144   -1.233
145   -0.898
146    0.735
147   -1.719
148    1.921
149    0.340
150    0.560
151   -0.506
152    0.154
153   -0.519
154    0.306
155    1.298
156   -0.836
157    1.311
158   -0.392
159    0.140
160   -1.098
161   -0.675
162    0.415
163   -1.789
164   -0.087
165    0.276
166   -0.520
167   -0.164
168    0.260
169    0.955
170   -0.598
171    0.834
172   -1.828
173    0.007
174   -0.629
175   -0.358
176   -1.085
177   -1.280
178   -0.473
179   -2.093
180   -0.241
181   -0.252
182   -0.949
183    1.483
184    0.455
185   -2.326
186    1.133
187   -1.027
188   -0.386
189    0.117
190    0.545
191   -1.470
192   -0.313
193   -0.586
194    0.090
195    1.126
196   -0.144
197   -1.820
198   -0.229
199   -0.110
200    1.377
201   -0.771
202    0.210
203   -1.856
204    0.225
205    0.446
206   -0.111
207    0.606
208    0.688
209   -1.063
210   -0.966
211   -0.914
212   -0.611
213    0.460
214   -0.537
215   -0.778
216   -0.058
217    1.150
218   -0.209
219    1.809
220    1.018
221   -0.364
222    1.117
223   -1.166
224    1.603
225   -0.156
226   -1.510
227   -0.295
228    0.520
229    0.295
230    0.286
231   -1.957
232    0.920
233    0.994
234    1.059
235    0.990
236    1.184
237   -0.110
238   -0.475
239   -2.669
240   -0.994
241   -2.283
242    1.029
243    1.266
244    2.066
245   -1.517
246   -0.862
247   -0.897
248    0.494
249    0.272
250    0.749
251   -0.051
252    1.528
253   -1.085
254   -1.712
255    0.376
256    1.791
257   -0.934
258    0.269
259    0.351
260   -2.231
261   -0.653
262   -0.345
263    0.333
264    0.800
265    0.137
266    0.448
267    1.336
268    1.573
269    0.139
270   -1.411
271   -0.188
272    0.013
273   -3.072
274    0.078
275   -0.089
276   -0.513
277    0.976
278    1.046
279    1.118
280   -0.053
281   -1.434
282    1.965
283   -0.847
284    0.424
285    0.040
286    1.345
287    1.442
288   -0.354
289    1.924
290   -1.008
291    0.985
292   -0.621
293   -0.216
294    0.872
295    2.503
296    0.586
297    0.226
298   -0.926
299    0.605
300    0.936
301    0.175
302    1.212
303    1.667
304    0.414
305    0.630
306    0.314
307    0.427
308   -0.228
309   -0.672
310    0.243
311    0.514
312   -0.525
313   -0.887
314    0.299
315   -0.725
316   -1.866
317   -1.740
318    0.545
319    0.273
320    1.281
321   -0.205
322   -0.189
323   -0.917
324   -0.185
325    0.603
326    0.119
327    0.728
328    0.327
329   -2.121
330   -1.072
331   -0.798
332    0.121
333    0.202
334    1.991
335   -0.560
336    1.096
337    0.178
338   -1.200
339    0.932
340    0.993
341    0.045
342   -0.656
343    0.594
344    0.005
345   -1.565
346   -0.049
347   -1.252
348    0.861
349    0.999
350   -0.175
351    1.658
352   -0.072
353    1.470
354    1.108
355   -1.211
356   -0.618
357   -0.137
358   -0.939
359    0.328
360    0.943
361    0.497
362    0.040
363    0.549
364    0.361
365    0.574
366   -0.395
367   -2.116
368   -0.552
369   -0.546
370   -0.287
371   -0.086
372    0.129
373    1.058
374   -0.433
375    0.979
376    1.332
377   -1.549
378    0.102
379   -1.017
380    0.886
381   -1.952
382   -2.956
383   -2.122
384   -2.424
385    2.350
386   -0.311
387   -0.229
388   -1.536
389    1.083
390   -0.649
391   -1.127
392   -0.853
393   -0.688
394   -1.101
395   -1.152
396   -0.735
397   -0.199
398    0.581
399   -0.533
400   -0.567
401   -0.860
402   -1.003
403    0.368
404    0.202
405    0.997
406   -1.015
407    0.993
408   -0.578
409   -1.277
410    0.340
411   -0.281
412   -0.163
413   -0.909
414   -0.968
415   -0.229
416   -0.671
417    0.831
418    1.611
419   -0.324
420    0.065
421   -0.671
422   -0.482
423   -0.475
424   -0.644
425    2.685
426   -0.796
427   -0.199
428   -0.332
429   -1.652
430    0.007
431   -0.792
432    1.610
433   -0.212
434    1.082
435    0.662
436   -0.582
437   -0.484
438   -0.023
439    1.172
440   -0.681
441   -1.932
442   -0.458
443    1.825
444   -1.576
445    0.315
446    0.731
447    0.563
448   -0.996
449    0.951
450    0.631
451    1.713
452   -0.311
453   -0.608
454   -0.559
455   -0.187
456   -0.727
457   -0.896
458   -0.326
459    1.199
460    0.258
461    0.865
462    0.322
463    0.137
464   -1.268
465   -0.729
466   -0.680
467   -0.400
468    0.623
469   -0.093
470   -3.247
471   -1.365
472    1.121
473   -0.493
474    0.005
475   -0.849
476    0.606
477   -0.226
478    0.415
479   -0.643
480   -2.092
481   -0.385
482    0.077
483   -0.442
484    0.832
485    1.327
486   -0.296
487    0.031
488    0.068
489    1.607
490   -0.260
491    0.985
492   -0.811
493   -1.122
494   -1.775
495   -0.219
496   -1.717
497   -0.267
498    0.839
499    0.210
500   -0.603
501    0.476
502    0.045
503   -0.451
504   -1.073
505    0.663
506   -0.590
507    0.226
508    1.915
509   -0.072
510   -0.327
511   -0.479
512    0.385
513    0.964
514   -0.675
515    1.324
516    0.269
517   -0.025
518    0.276
519    0.801
520   -1.036
521   -0.890
522   -1.311
523   -0.782
524   -0.428
525   -0.930
526    0.565
527    1.450
528    0.154
529   -1.688
530    1.211
531    0.191
532    0.620
533    0.414
534    1.191
535    0.716
536    1.731
537   -0.866
538   -0.265
539    0.617
540    0.116
541    0.397
542   -2.249
543    0.547
544    0.925
545    1.256
546   -0.528
547   -0.714
548    0.889
549    0.750
550   -0.276
551    0.798
552    0.225
553    0.304
554    1.521
555    0.488
556   -0.145
557   -1.097
558   -0.744
559   -1.548
560    1.721
561   -0.426
562    0.477
563    0.038
564   -0.281
565   -0.513
566    1.471
567   -0.368
568   -0.053
569   -0.902
570    0.400
571   -2.620
572    0.562
573   -0.629
574    0.823
575    2.159
576    0.647
577   -1.607
578    1.112
579   -0.125
580    0.429
581   -0.036
582   -0.953
583    2.145
584   -1.311
585    0.567
586   -1.235
587   -0.355
588   -0.291
589   -1.139
590    0.832
591    0.017
592   -0.478
593   -1.225
594    1.218
595   -0.704
596    1.852
597    1.050
598    0.257
599   -1.173
600    1.124
601    1.520
602   -0.867
603    0.261
604    0.204
605   -0.871
606    0.979
607    0.873
608   -1.050
609    2.262
610   -1.057
611    0.088
612    0.563
613   -0.010
614   -1.881
615   -0.986
616   -0.601
617    1.274
618   -1.018
619    0.494
620    1.122
621    0.064
622    0.003
623   -1.069
624   -0.203
625    1.098
626   -0.188
627   -0.139
628    1.190
629    0.489
630   -0.050
631   -0.085
632    0.914
633    0.212
634   -1.274
635   -0.252
636    0.332
637    0.353
638    1.547
639   -0.342
640   -0.920
641    0.013
642   -1.652
643   -1.013
644    0.282
645    0.473
646   -0.268
647    0.665
648    1.817
649    0.057
650   -1.226
651   -0.411
652   -0.499
653    0.663
654   -1.165
655   -0.145
656   -0.241
657    2.088
658    1.279
659    0.254
660   -0.111
661    0.440
662   -0.670
663    2.000
664    1.176
665    0.846
666   -0.248
667   -1.376
668    0.828
669    1.263
670   -0.066
671    0.973
672   -0.443
673    0.470
674   -0.944
675   -0.122
676   -1.254
677   -0.077
678   -0.176
679    0.295
680   -0.621
681   -0.895
682    1.959
683    0.100
684   -0.651
685    0.866
686   -0.014
687    0.534
688    0.373
689    0.982
690    0.347
691   -0.572
692    0.597
693   -0.342
694    0.022
695   -1.169
696    0.106
697    0.213
698   -0.234
699    0.655
700    1.024
701    0.841
702    0.619
703    0.156
704    0.288
705    0.931
706    0.700
707    0.319
708    0.570
709    0.698
710    0.296
711    0.330
712    0.800
713    1.069
714    1.581
715    0.396
716    0.043
717    1.075
718   -0.055
719   -0.405
720   -1.545
721   -0.319
722   -0.622
723    0.731
724   -0.834
725    0.803
726    0.595
727    2.286
728    0.006
729   -1.709
730    0.562
731    0.437
732    0.132
733   -0.217
734    1.503
735    1.373
736    0.549
737    0.281
738    1.630
739    1.453
740   -0.054
741    0.154
742   -0.434
743    0.857
744   -0.497
745   -0.327
746    1.350
747   -0.726
748   -1.413
749    0.866
750    1.885
751   -0.569
752   -1.782
753   -1.333
754   -0.926
755   -0.611
756    0.365
757   -0.471
758   -1.181
759    0.327
760   -0.347
761    1.271
762   -0.138
763   -0.162
764   -1.793
765    1.037
766    0.647
767   -0.810
768   -0.686
769   -0.435
770   -2.129
771    1.218
772   -0.900
773   -1.059
774   -0.674
775    1.515
776    0.515
777   -0.250
778   -0.130
779    0.646
780   -0.547
781    0.020
782   -0.761
783   -0.693
784   -0.585
785    0.295
786    0.905
787   -0.394
788    2.252
789   -0.059
790   -2.625
791    0.730
792   -0.500
793   -1.030
794    1.472
795    0.109
796   -1.182
797    0.392
798    1.858
799   -0.858
800   -0.296
801   -0.389
802   -0.475
803    0.735
804    1.690
805   -0.550
806   -1.197
807   -0.067
808   -0.260
809    0.974
810   -1.200
811   -0.080
812   -1.882
813   -0.676
814    0.407
815   -0.013
816    0.833
817   -0.585
818    0.163
819   -3.957
820   -0.698
821   -1.638
822   -0.438
823    0.539
824    1.646
825   -0.382
826   -0.301
827    0.403
828    0.481
829    0.510
830    0.103
831   -1.520
832   -2.881
833    1.136
834    0.734
835   -1.824
836    1.320
837   -0.313
838   -1.015
839   -0.430
840    0.438
841   -1.078
842    0.432
843   -0.385
844    1.221
845   -2.065
846    0.466
847   -3.240
848   -0.032
849   -1.553
850    0.307
851   -0.838
852   -0.618
853    0.724
854    0.597
855   -0.209
856    0.198
857   -0.300
858    0.025
859   -1.403
860   -1.454
861   -1.552
862   -0.925
863    1.324
864   -0.116
865   -0.166
866   -0.476
867    0.199
868   -1.556
869    0.342
870    1.276
871   -1.412
872   -0.981
873    1.511
874   -0.714
875   -0.047
876   -0.821
877   -1.071
878   -0.215
879    0.096
880   -1.024
881    0.530
882    0.903
883    0.694
884   -1.776
885   -1.090
886    0.270
887   -1.025
888    0.183
889    0.514
890   -1.596
891    1.383
892    1.240
893   -0.126
894   -1.092
895    0.406
896   -0.301
897    1.289
898   -0.452
899    0.987
900   -0.434
901   -0.151
902    0.533
903    0.342
904    0.855
905    1.006
906    0.602
907    0.274
908   -0.725
909   -0.403
910    0.336
911   -0.116
912   -1.736
913    0.737
914   -0.440
915   -0.614
916   -0.020
917    0.074
918    1.476
919    0.954
920   -0.179
921    1.841
922   -1.111
923   -0.171
924   -0.741
925    0.194
926   -0.877
927   -0.382
928    0.227
929   -1.914
930    0.626
931   -0.286
932    0.816
933   -1.172
934    0.471
935   -0.067
936    0.305
937   -0.775
938    1.051
939    0.230
940   -1.423
941   -0.797
942   -0.054
943    2.058
944    0.114
945    1.417
946    0.050
947   -0.132
948    0.040
949    1.035
950    0.141
951    0.102
952    1.190
953   -1.098
954    0.138
955    0.377
956    0.801
957    0.473
958    0.274
959   -2.251
960    0.695
961    0.097
962    1.230
963   -0.930
964   -0.980
965    1.167
966   -0.199
967   -1.609
968    1.732
969    0.621
970    0.821
971    0.184
972   -0.594
973   -0.869
974   -1.098
975   -2.804
976    0.369
977    0.944
978    0.856
979   -0.094
980   -0.637
981    0.454
982   -1.232
983   -0.368
984    0.818
985   -1.278
986   -0.004
987    0.827
988    1.748
989   -0.897
990    0.611
991   -0.157
992   -0.488
993   -0.168
994   -0.447
995   -1.017
996   -0.431
997    1.990
998   -1.172
999   -1.566